0.00990099   0.951135  0.0539814   0.102164
  0.019802   0.951118  0.0539823   0.102166
  0.029703   0.950311  0.0542334   0.102611
  0.039604   0.949943  0.0542432   0.102626
  0.049505   0.949647  0.0542423   0.102623
 0.0594059   0.947535  0.0544914   0.103056
 0.0693069   0.946815  0.0544839   0.103039
 0.0792079   0.946271  0.0544701   0.103011
 0.0891089   0.941126  0.0546602    0.10332
 0.0990099   0.939701  0.0546246   0.103247
  0.108911   0.938154  0.0546207   0.103231
  0.118812   0.931055  0.0545904   0.103134
  0.128713    0.92916  0.0545275    0.10301
  0.138614   0.913255   0.110535   0.197202
  0.148515   0.900442    0.15375   0.262652
  0.158416   0.889671   0.187419   0.309615
  0.168317   0.882482   0.201709   0.328363
  0.178218   0.872465   0.218247   0.349153
  0.188119    0.86754   0.227685   0.360703
   0.19802   0.861518   0.240547   0.376085
  0.207921   0.855613   0.252191    0.38956
  0.217822   0.851563   0.259501   0.397783
  0.227723   0.845346   0.269951   0.409222
  0.237624   0.841118    0.27662   0.416323
  0.247525   0.835103   0.286353   0.426471
  0.257426   0.830885   0.292672    0.43287
  0.267327   0.824697     0.3018   0.441889
  0.277228   0.820648   0.307698   0.447579
  0.287129   0.814565    0.31634   0.455705
   0.29703   0.810504   0.321882   0.460773
  0.306931   0.804711   0.329896   0.467952
  0.316832   0.800735    0.33502   0.472394
  0.326733    0.79499   0.342256   0.478507
  0.336634    0.79097   0.346755   0.482142
  0.346535   0.785291   0.353019   0.487078
  0.356436   0.780786   0.356811   0.489792
  0.366337   0.775578   0.361624   0.493259
  0.376238   0.773176   0.364459   0.495398
  0.386139   0.770104   0.368097   0.498107
   0.39604   0.768172   0.370267   0.499683
  0.405941   0.765563   0.373303    0.50188
  0.415842   0.763019   0.376185   0.503925
  0.425743   0.761434   0.378125   0.505314
  0.435644   0.758973   0.380869   0.507209
  0.445545   0.757405   0.382743   0.508516
  0.455446   0.755057   0.385418   0.510335
  0.465347   0.753516   0.387264   0.511596
  0.475248   0.751229   0.389985   0.513432
  0.485149   0.749568   0.391846   0.514651
   0.49505   0.747206   0.394619   0.516475
   0.50495   0.745552   0.396488   0.517675
  0.514851   0.743123   0.399344    0.51951
  0.524752   0.741155   0.401289   0.520669
  0.534653   0.738443   0.404223   0.522454
  0.544554   0.736324   0.406189   0.523559
  0.554455   0.733903   0.409214   0.525447
  0.564356   0.732296   0.411348   0.526787
  0.574257   0.729803   0.414565   0.528765
  0.584158   0.728077    0.41682   0.530139
  0.594059   0.725556   0.420302    0.53227
   0.60396   0.722954   0.423919   0.534451
  0.613861   0.721115    0.42642   0.535928
  0.623762   0.718283   0.430314     0.5382
  0.633663   0.716275   0.433008   0.539733
  0.643564   0.713236   0.437303   0.542181
  0.653465    0.71103   0.440233   0.543783
  0.663366   0.707732   0.444843   0.546306
  0.673267   0.705312   0.448167   0.548077
  0.683168   0.701583   0.453328   0.550774
  0.693069   0.698794    0.45698   0.552591
   0.70297   0.694324   0.462676   0.555311
  0.712871   0.690889   0.466598   0.557012
  0.722772   0.685913   0.473014   0.559909
  0.732673   0.682433   0.477538   0.561889
  0.742574   0.677198   0.484941   0.565167
  0.752475   0.673236   0.490192   0.567315
  0.762376   0.666784   0.498937   0.570777
  0.772277   0.661905   0.505291   0.573091
  0.782178   0.653872   0.515783   0.576676
  0.792079   0.647647   0.523498   0.578992
   0.80198   0.636974   0.536714   0.582562
  0.811881   0.624098   0.551994   0.585836
  0.821782   0.613849    0.56376   0.587739
  0.831683   0.594871   0.583711   0.589238
  0.841584   0.579258   0.599451   0.589182
  0.851485   0.548698   0.626111   0.584854
  0.861386   0.522051   0.646676   0.577719
  0.871287   0.467603    0.68076   0.554399
  0.881188   0.418421   0.706163    0.52548
  0.891089   0.315951   0.753819   0.445273
   0.90099   0.216163   0.797625   0.340144
  0.910891   0.024749   0.897284  0.0481694
  0.920792          0          0          0
  0.930693          0          0          0
  0.940594          0          0          0
  0.950495          0          0          0
  0.960396          0          0          0
  0.970297          0          0          0
  0.980198          0          0          0
  0.990099          0          0          0
