         1   0.831683   0.849747   0.561756   0.676372
         2   0.673267   0.563764   0.463111   0.508504
         3   0.841784   0.349427   0.491005   0.408291
         4   0.881188   0.601852   0.595117   0.598465
         5   0.346535   0.796155   0.648669   0.714884
         6   0.831683   0.620169   0.703425   0.659178
         7   0.841584   0.564858   0.251973    0.34849
         8    0.80198    0.50048    0.50484   0.502651
         9   0.841584   0.569961   0.593583   0.581532
        10   0.772277    0.71027   0.615745   0.659639
        11   0.841584   0.691413   0.408347   0.513451
        12   0.866187    0.89966   0.903536   0.901593
        13   0.871287   0.466931   0.451985   0.459336
        14   0.772277   0.759952   0.193966   0.309051
        15    0.80198   0.647159   0.248615   0.359228
        16   0.168317   0.883932   0.230111   0.365161
        17   0.821782   0.630942   0.635335   0.633131
        18   0.851485   0.564054   0.467512   0.511265
        19   0.792079   0.674491   0.330015   0.443188
        20    0.80198    0.62685   0.578807   0.601871
        21   0.871287   0.881645   0.930159   0.905252
        22   0.831683   0.540702    0.32267   0.404155
        23   0.821782   0.557599   0.542917    0.55016
        24   0.867087   0.750706   0.648598   0.695927
        25   0.861386   0.543961   0.647121   0.591074
        26   0.841584   0.650456   0.523547   0.580142
        27   0.366337   0.730755   0.612724   0.666555
        28   0.861386   0.408108    0.35363   0.378921
        29   0.871287    0.59453   0.648508   0.620347
        30   0.782178   0.986301          1   0.993103
        31   0.841584   0.885116   0.815008   0.848616
        32   0.871287   0.725343   0.874342   0.792903
        33   0.742574   0.544872   0.289905   0.378451
        34   0.881188   0.490071    0.38842   0.433365
        35   0.841584   0.775014   0.543833   0.639161
        36   0.792079   0.721491   0.734609   0.727991
        37   0.879688   0.649652   0.718696   0.682432
        38   0.841584    0.94186   0.974227    0.95777
        39   0.851485   0.890891   0.932588   0.911263
        40   0.306931   0.934602   0.626013   0.749798
        41   0.752475   0.435526   0.452804   0.443997
        42   0.782178   0.851852   0.358176   0.504307
        43   0.782178   0.658034   0.544399   0.595847
        44   0.841584   0.658427   0.636957   0.647514
        45   0.861386   0.589425   0.751239   0.660566
        46   0.861386   0.688889   0.538051   0.604198
        47   0.873987   0.905001   0.762979   0.827944
        48   0.841584   0.708611   0.809808   0.755837
        49   0.841584   0.705742   0.739348   0.722154
        50   0.841584   0.672573    0.75395   0.710941
        51   0.831683   0.789916   0.487641   0.603019
        52   0.821782   0.702355   0.374002   0.488095
        53   0.732673   0.880452   0.656231   0.751983
        54   0.732673   0.793935   0.847134   0.819672
        55   0.868087   0.427766   0.377523   0.401077
        56   0.850185    0.49999     0.5264   0.512855
        57   0.841584   0.656699   0.598895   0.626467
        58   0.811881   0.827932   0.861156   0.844217
        59   0.712871   0.811784   0.726208   0.766615
        60   0.792079   0.630392   0.874855   0.732773
        61   0.861386   0.902965    0.66075   0.763098
        62   0.871287   0.425583   0.422187   0.423878
        63   0.891089   0.260674   0.358025   0.301691
        64   0.846285   0.671511   0.705483   0.688078
        65   0.534653   0.925287   0.960239   0.942439
        66   0.847285   0.632253   0.603557   0.617572
        67    0.80198   0.680272   0.189994    0.29703
        68   0.851485   0.800741   0.852071   0.825609
        69   0.866587   0.786969   0.844755   0.814839
        70   0.831683   0.596127   0.735431   0.658492
        71   0.762376   0.703653   0.377511    0.49139
        72   0.851485   0.881682   0.882941   0.882311
        73   0.425743   0.593111   0.400818   0.478363
        74   0.861386   0.752518   0.538066   0.627475
        75   0.831683   0.565663   0.873393   0.686625
        76   0.881188   0.594595   0.123249   0.204176
        77   0.861386   0.649359   0.360627   0.463722
        78   0.405941   0.622609   0.523009    0.56848
        79   0.712871   0.791066   0.513804   0.622979
        80   0.843884     0.8594    0.67104   0.753628
        81   0.841584   0.226241   0.431435   0.296828
        82   0.861386   0.629026   0.799798   0.704207
        83   0.841584   0.795639   0.536594   0.640931
        84   0.871287    0.74097    0.79645   0.767709
        85   0.851485   0.976729   0.987895    0.98228
        86   0.831683   0.717429   0.607651   0.657993
        87   0.871287   0.637267   0.517659   0.571269
        88   0.831683   0.812697   0.699639   0.751942
        89   0.762376   0.722944   0.791053   0.755466
        90   0.861386   0.464148   0.820163   0.592811
        91   0.861386   0.541303   0.573257   0.556822
        92   0.821782   0.321485   0.389241   0.352133
        93   0.861386   0.817544    0.77473   0.795561
        94   0.821782   0.890468   0.698236   0.782722
        95   0.774177   0.508754   0.447888   0.476385
        96   0.851485   0.743475   0.720553   0.731835
        97   0.845385   0.836714   0.887777   0.861489
        98   0.871287   0.830214   0.825798      0.828
        99   0.861386   0.557185   0.713615   0.625772
       100   0.851485   0.421101   0.555354   0.478998
       101   0.867187   0.624947   0.444541   0.519528
       102   0.841584    0.81268   0.536632   0.646418
       103   0.762376   0.960526   0.866469   0.911076
       104   0.811881   0.697702   0.555521   0.618546
       105   0.861386   0.664096   0.709058   0.685841
       106   0.851485   0.790901   0.790901   0.790901
       107   0.405941   0.471925   0.404779   0.435781
       108   0.772277    0.60647   0.553078   0.578545
       109    0.80198   0.783155   0.865278   0.822171
       110   0.861386   0.768279   0.513534   0.615593
       111   0.841584   0.840561   0.785018   0.811841
       112   0.861386   0.834603   0.639167   0.723926
       113   0.851485   0.650038   0.458333   0.537607
       114   0.851485   0.399254   0.308951   0.348345
       115   0.851485   0.792482   0.794349   0.793414
       116   0.861286   0.665674   0.683109   0.674279
       117   0.227723   0.889757   0.259297   0.401567
       118   0.841584   0.594394   0.626281   0.609921
       119   0.851485   0.586614   0.258681   0.359036
       120   0.861386   0.327273   0.640569   0.433213
       121   0.851485   0.857868   0.172625   0.287415
       122    0.80198   0.607558       0.55   0.577348
       123   0.742574   0.929712   0.324596   0.481191
       124   0.843084   0.626593   0.625333   0.625962
       125   0.851485   0.934183   0.733333   0.821662
       126   0.871287   0.401754   0.587179   0.477083
       127   0.881188   0.686869   0.536489   0.602436
       128   0.841584   0.340072   0.529809   0.414248
       129   0.861386   0.768541   0.826468   0.796453
       130   0.861386   0.729703   0.630993   0.676768
       131   0.851485   0.904393   0.845411   0.873908
       132   0.821782    0.56129      0.725   0.632727
       133   0.832283   0.727065   0.649367   0.686023
       134   0.851485   0.885965   0.966507   0.924485
       135   0.277228   0.433803    0.33892   0.380536
       136   0.871087   0.963584   0.914536    0.93842
       137   0.267327   0.752773   0.375432      0.501
       138   0.831683   0.645946   0.320662   0.428571
       139   0.886889   0.787849   0.736865   0.761505
       140   0.831683   0.795317   0.787124   0.791199
       141   0.811881   0.608333   0.337269    0.43395
       142   0.841584   0.565217   0.216306   0.312876
       143   0.863786   0.646774   0.423832   0.512091
       144   0.820882   0.639986   0.697916   0.667697
       145   0.876788   0.487361   0.865337   0.623541
       146   0.564356   0.832828    0.78935   0.810507
       147   0.851485   0.481172   0.479894   0.480532
       148   0.722772   0.670053   0.677105   0.673561
       149   0.841584   0.895161   0.940678   0.917355
       150   0.881188   0.464554   0.629379   0.534549
       151   0.772277   0.666207   0.349747   0.458689
       152   0.821782    0.74144   0.601282   0.664046
       153   0.762376   0.579235   0.426192   0.491066
       154   0.861386   0.604502   0.570561   0.587041
       155   0.673267   0.661017   0.401143   0.499289
       156   0.792079   0.555456   0.517164   0.535627
       157   0.851485   0.606796   0.552826   0.578555
       158   0.871287   0.810502   0.801354   0.805902
       159   0.772277   0.629011   0.591824   0.609851
       160   0.792079   0.656024   0.917165    0.76492
       161   0.886889   0.902068   0.878974   0.890372
       162   0.851485   0.900398    0.68693    0.77931
       163   0.811881   0.524409   0.463111   0.491857
       164    0.80198    0.63791   0.794852   0.707786
       165   0.846985    0.70826   0.820046   0.760065
       166   0.762376   0.547918   0.722755   0.623308
       167   0.386139   0.770153   0.626884   0.691172
       168    0.80198   0.809282   0.770115   0.789213
       169   0.811881   0.306452   0.154961   0.205838
       170   0.762376   0.515625   0.319458   0.394501
       171   0.861386   0.674883    0.76938    0.71904
       172   0.851485   0.756437   0.891099   0.818265
       173   0.843784   0.664689   0.631705   0.647778
       174   0.881188   0.297753  0.0871711    0.13486
       175   0.356436   0.636923   0.229151   0.337042
       176   0.841584   0.656216   0.560998   0.604883
       177   0.594059   0.649584   0.380062   0.479547
       178   0.237624   0.978198   0.530966   0.688315
       179   0.851485   0.813592   0.704794   0.755295
       180   0.386139   0.787879   0.553571   0.650262
       181   0.821782   0.662081   0.809052   0.728225
       182   0.866787   0.351041   0.700304   0.467659
       183   0.871287   0.558155   0.752252   0.640829
       184   0.683168   0.745081   0.779233   0.761774
       185   0.158416   0.713688   0.354102   0.473348
       186   0.861386   0.802862   0.865467    0.83299
       187   0.524752   0.680349   0.247852    0.36334
       188    0.39604   0.812683   0.241309   0.372124
       189   0.845485   0.817511   0.886349   0.850539
       190   0.356436   0.779373   0.563385   0.654008
       191   0.861386   0.506366   0.600962   0.549623
       192    0.60396   0.835762   0.333421   0.476676
       193   0.831683   0.591655   0.698144   0.640504
       194   0.821782   0.953488   0.989835   0.971322
       195   0.811881   0.560127   0.264376   0.359209
       196   0.851485   0.553942   0.237228   0.332193
       197   0.847685   0.525277   0.301571   0.383162
       198   0.881188   0.642036   0.582712   0.610938
       199   0.851485    0.69302   0.726662   0.709442
       200   0.841584   0.453352   0.490031   0.470978
       201   0.871287   0.504336     0.5171   0.510638
       202   0.838484   0.768411   0.674364   0.718322
       203   0.835284   0.539225   0.555012   0.547005
       204   0.862586   0.532986   0.467426   0.498058
       205   0.831683   0.882353   0.710059   0.786885
       206   0.851485   0.687914   0.382773   0.491861
       207   0.851485   0.681234    0.89527   0.773723
       208   0.821782   0.602398   0.580925   0.591466
       209   0.871287   0.622807   0.480615   0.542549
       210   0.228223   0.811979   0.611978   0.697933
       211   0.861386       0.67   0.638095   0.653659
       212   0.861386   0.829814   0.588546    0.68866
       213   0.851485   0.553202    0.78638   0.649497
       214   0.821782   0.778257   0.706897   0.740862
       215   0.861386   0.619289    0.71137   0.662144
       216   0.842184   0.579021   0.660967   0.617286
       217   0.762376   0.597507   0.639962   0.618006
       218   0.831683   0.848485   0.649351   0.735681
       219   0.356436   0.559859   0.252181   0.347731
       220   0.811881   0.509284   0.324873   0.396694
       221   0.811881   0.825581   0.874271   0.849229
       222   0.435644    0.62402   0.529841   0.573087
       223   0.861386   0.756537   0.652013   0.700397
       224   0.851485   0.974697   0.980902    0.97779
       225   0.792079   0.501146   0.678635   0.576539
       226   0.613861   0.737721   0.826183    0.77945
       227   0.831683   0.571531   0.811639   0.670745
       228   0.851485    0.51637   0.281776   0.364597
       229   0.772277   0.640288   0.251294   0.360933
       230   0.777678   0.754252   0.657643   0.702642
       231   0.861386   0.599548   0.779412   0.677749
       232   0.326733    0.80859   0.242035   0.372553
       233   0.861386   0.435518   0.491354   0.461754
       234   0.866087   0.843546   0.943079    0.89054
       235   0.811881   0.587437   0.813641   0.682279
       236   0.782178   0.786908    0.37554   0.508436
       237   0.861386   0.774194   0.418052   0.542931
       238   0.752475   0.509587   0.921948   0.656376
       239   0.881188   0.940299     0.7875   0.857143
       240   0.821782   0.777778   0.244726   0.372306
       241    0.80198   0.689655   0.589711    0.63578
       242   0.852485   0.341131   0.470862   0.395633
       243   0.861386   0.526555   0.675755   0.591898
       244   0.821782   0.658931   0.827236   0.733554
       245   0.267327   0.759626   0.410787   0.533221
       246   0.524752   0.533756    0.52319    0.52842
       247   0.841584   0.338118   0.413659   0.372093
       248   0.851485   0.519589   0.848008   0.644365
       249   0.673267   0.766135   0.543349   0.635791
       250   0.772277   0.372219   0.229224   0.283723
       251   0.772277   0.694958   0.765256   0.728414
       252   0.831683   0.640684   0.369923   0.469033
       253   0.485149   0.797714   0.657517   0.720862
       254   0.841584   0.623248   0.355096   0.452424
       255   0.863786    0.79003   0.784177   0.787093
       256   0.831683   0.642283   0.628227   0.635177
       257   0.894389   0.625811   0.844416   0.718862
       258   0.861386   0.458333   0.289228   0.354654
       259   0.807681   0.695565    0.53396   0.604142
       260   0.584158    0.81813   0.682389    0.74412
       261   0.831683   0.533377   0.344027    0.41827
       262   0.881188   0.836873   0.768931   0.801465
       263   0.850485   0.643487    0.59061   0.615916
       264   0.792079   0.368949   0.720588   0.488025
       265   0.847785   0.684624   0.529649   0.597247
       266   0.831683   0.721843   0.537257   0.616019
       267   0.863786   0.853822   0.849559   0.851685
       268   0.831683   0.636503   0.930493    0.75592
       269   0.851485   0.364944    0.35655   0.360698
       270   0.206821   0.804172   0.410897    0.54389
       271   0.841884   0.747646   0.863897   0.801578
       272   0.831683   0.662144    0.93666   0.775835
       273   0.861386   0.547706   0.830939   0.660228
       274   0.851485    0.69265   0.822751   0.752116
       275   0.861386   0.942238   0.952555   0.947368
       276   0.871087   0.745451   0.607277   0.669307
       277   0.841584   0.617021   0.847403    0.71409
       278   0.851485   0.688539   0.826681   0.751313
       279   0.861386   0.532895   0.390618   0.450797
       280   0.811881   0.465576   0.530206   0.495793
       281   0.455446   0.645359   0.638925   0.642126
       282   0.792079   0.974566   0.873575   0.921311
       283   0.851485    0.81405   0.886722   0.848833
       284   0.851485   0.750858   0.882258   0.811272
       285   0.857686    0.64976   0.599519   0.623629
       286   0.762376   0.771066   0.721145    0.74527
       287   0.821782   0.565802   0.590772   0.578018
       288   0.831683   0.762921   0.700722     0.7305
       289   0.871287   0.962441   0.787855   0.866441
       290   0.871287   0.687251   0.797227   0.738165
       291   0.861386   0.810155   0.677956   0.738183
       292    0.60396   0.657933   0.374637   0.477423
       293   0.287129   0.825112   0.488249   0.613479
       294    0.80198   0.703611   0.731327   0.717201
       295   0.881188   0.675489   0.813019   0.737901
       296   0.861386   0.665796   0.757051   0.708497
       297   0.881188   0.853622    0.85426   0.853941
       298   0.831683   0.645291   0.342371   0.447378
       299   0.287129   0.729966   0.309769   0.434959
       300   0.762376   0.386653   0.159111   0.225448
       301   0.885289   0.512343   0.390609    0.44327
       302   0.841584   0.480638   0.184333    0.26647
       303   0.633663   0.626785   0.552096   0.587074
       304   0.831683   0.875805   0.879852   0.877824
       305   0.811881   0.681996   0.576033   0.624552
       306   0.861386   0.638743    0.85539    0.73136
       307   0.752475   0.622036    0.79734   0.698862
       308   0.861386   0.609743   0.685916   0.645591
       309    0.80198   0.600932   0.658443   0.628374
       310   0.861386   0.662542   0.783343   0.717896
       311   0.851485   0.530795    0.24739   0.337487
       312   0.861386   0.590057   0.595511   0.592771
       313   0.851285    0.78871   0.812431   0.800395
       314    0.80198   0.762817   0.643564   0.698135
       315   0.841584   0.668905   0.930841   0.778429
       316   0.881188   0.574004    0.61609   0.594303
       317   0.861386   0.859253    0.86451   0.861874
       318   0.841584   0.934829   0.926416   0.930604
       319   0.831683   0.977647    0.98111   0.979375
       320    0.90099      0.625   0.652174   0.638298
       321    0.80198   0.686047   0.421859   0.522454
       322   0.864786   0.829901   0.814294   0.822023
       323   0.227723   0.738711   0.261307   0.386053
       324   0.890689   0.755998   0.776822   0.766269
       325   0.861386   0.750186   0.893711   0.815683
       326   0.841584   0.858605   0.695554   0.768526
       327   0.861386   0.832396   0.355769   0.498484
       328   0.772277   0.655539   0.491833   0.562007
       329    0.90159   0.622932   0.299579   0.404585
       330   0.846485   0.822433   0.507187   0.627438
       331   0.861386   0.667513   0.479927   0.558386
       332   0.861486   0.516064   0.671728   0.583696
       333   0.841584   0.628643   0.802437   0.704987
       334   0.879988   0.612535   0.461915   0.526668
       335   0.821782   0.647264   0.955326   0.771686
       336   0.869787   0.436002   0.704134   0.538539
       337   0.861386   0.954023   0.914961   0.934084
       338   0.831683   0.778552   0.433333   0.556773
       339   0.792079   0.568847   0.607582   0.587576
       340   0.871287   0.555679   0.591934   0.573234
       341   0.871287   0.628516   0.549153    0.58616
       342   0.851485   0.536334   0.511111   0.523419
       343    0.70297   0.777605    0.61627     0.6876
       344   0.852985   0.424603   0.291463   0.345655
       345   0.821782     0.8585   0.542943   0.665195
       346   0.871287   0.728571   0.373041   0.493435
       347   0.894289   0.534504    0.65682   0.589383
       348   0.881188   0.522364   0.574692    0.54728
       349   0.861486   0.850638   0.581388   0.690701
       350   0.861386   0.838571   0.300717   0.442685
       351   0.841584   0.573715   0.606333   0.589573
       352   0.841584   0.841776   0.769583   0.804062
       353   0.861386   0.841683      0.625   0.717336
       354   0.841584   0.805672   0.719512   0.760159
       355   0.851485   0.714602   0.752914   0.733258
       356   0.841584   0.829181   0.792902   0.810636
       357   0.870787   0.582297   0.432035   0.496036
       358   0.851485   0.917404   0.914706   0.916053
       359   0.841584   0.676724   0.846035   0.751967
       360   0.841584   0.902275   0.742718   0.814758
       361   0.871287   0.423138   0.698039   0.526887
       362    0.29703   0.899213   0.298718   0.448459
       363   0.574257   0.350975   0.140651   0.200823
       364   0.871287   0.411392   0.395738   0.403413
       365   0.821782   0.625418   0.795745   0.700375
       366   0.856786   0.495701   0.628895    0.55441
       367   0.828983    0.79263   0.741711   0.766326
       368    0.90449   0.393017   0.546966   0.457385
       369   0.881188   0.484594   0.182875   0.265541
       370    0.70297   0.509879   0.573888   0.539993
       371   0.891089   0.722326   0.467801   0.567847
       372   0.851485   0.550363   0.785057   0.647087
       373   0.871287   0.764516       0.79   0.777049
       374   0.861386   0.720648   0.543097     0.6194
       375   0.534653   0.681487   0.487614   0.568475
       376   0.831683   0.880081    0.65015   0.747841
       377   0.861386   0.819653   0.864634   0.841543
       378   0.851485   0.993289   0.484056   0.650907
       379   0.876888    0.69371   0.662239   0.677609
       380   0.891189     0.5093    0.44402   0.474425
       381   0.871287   0.562325   0.442181   0.495068
       382   0.762376   0.593391   0.430208   0.498792
       383   0.881588   0.727658   0.264808   0.388305
       384   0.882488    0.80314   0.699694   0.747857
       385   0.653465   0.888105   0.814986   0.849976
       386   0.881188   0.818599   0.817661    0.81813
       387   0.752475   0.868009   0.635371   0.733691
       388   0.871287   0.351479   0.477577   0.404938
       389   0.742574   0.742921   0.324017   0.451233
       390    0.89709   0.702233   0.669437   0.685443
       391   0.341334   0.799639   0.704482    0.74905
       392   0.882088   0.532856   0.519616   0.526153
       393   0.366337   0.853314   0.628869   0.724098
       394   0.881188   0.865672   0.446154   0.588832
       395   0.841584   0.724398   0.639628   0.679379
       396   0.871287   0.742878   0.713184   0.727728
       397   0.811881    0.87044   0.328585   0.477077
       398   0.722772   0.871739   0.840671   0.855923
       399   0.847085   0.880513   0.817893   0.848049
       400   0.722772   0.980155   0.971771   0.975945
       401   0.845485    0.95299   0.903464   0.927566
       402   0.871287   0.724902   0.681373   0.702464
       403   0.831683   0.664908   0.767708   0.712619
       404   0.871287   0.883314   0.494125   0.633738
       405   0.821782   0.934228   0.997135   0.964657
       406   0.386139   0.584641   0.150382    0.23923
       407   0.863886   0.371981   0.442767   0.404299
       408   0.891089   0.657918   0.839286   0.737616
       409   0.891089   0.652381   0.761958   0.702925
       410   0.869287   0.532835   0.700767   0.605371
       411   0.554455   0.383158   0.609715   0.470588
       412   0.841584    0.56879   0.516782    0.54154
       413   0.868887   0.863636   0.933164   0.897055
       414   0.792079   0.679633   0.771667   0.722732
       415    0.80198   0.814991    0.67057    0.73576
       416   0.883688    0.58168   0.658179   0.617569
       417   0.722772    0.62532   0.812791   0.706837
       418   0.841584    0.88699   0.883095   0.885039
       419   0.871287   0.799136   0.645161   0.713941
       420    0.79778   0.624188   0.709951   0.664313
       421   0.861386   0.583333   0.519139   0.549367
       422   0.267327   0.856945    0.45184   0.591697
       423    0.90239   0.322457   0.405643   0.359298
       424   0.871287   0.799666   0.823024   0.811177
       425   0.643564   0.683521   0.783793   0.730231
       426   0.861386    0.74726   0.819684   0.781799
       427   0.861386   0.895066   0.823529   0.857809
       428   0.584158   0.694572   0.220825   0.335109
       429   0.821782   0.773481    0.75067   0.761905
       430   0.831683   0.672566   0.292308   0.407507
       431   0.831083   0.749918   0.716201   0.732672
       432    0.80198   0.529412   0.281104   0.367222
       433   0.861386   0.418251   0.252294   0.314735
       434   0.861386   0.961495   0.906083   0.932967
       435    0.50495   0.497821   0.805996   0.615488
       436   0.861386    0.69248   0.691704   0.692092
       437   0.584158   0.490155    0.13774   0.215049
       438   0.871287    0.94012   0.944645   0.942377
       439   0.841584   0.541863   0.526027   0.533828
       440   0.851485   0.843838   0.914264    0.87764
       441   0.851585   0.659955   0.659436   0.659695
       442   0.841584   0.738055   0.555885   0.634146
       443   0.830883   0.588309   0.730983   0.651931
       444   0.524752   0.492352   0.380355   0.429167
       445   0.841584   0.766892   0.678963   0.720254
       446    0.70297   0.686092   0.401433   0.506508
       447   0.871287   0.842938   0.950318   0.893413
       448   0.821782   0.275862   0.289815   0.282667
       449   0.792079   0.568426   0.549932   0.559026
       450   0.884888   0.753885   0.368892   0.495382
       451   0.831683   0.318119   0.218009   0.258718
       452   0.851485    0.65419   0.665839   0.659963
       453   0.841584   0.543612   0.551939   0.547743
       454   0.821782   0.778714   0.571028   0.658892
       455   0.774177   0.775543   0.751276   0.763217
       456   0.829583   0.640939   0.617376   0.628937
       457   0.871287   0.514339   0.673939   0.583421
       458   0.831683    0.79472   0.775499   0.784992
       459    0.80198   0.768933   0.900907   0.829705
       460   0.811881    0.66821   0.750108   0.706795
       461   0.841584   0.646189   0.718172   0.680282
       462   0.207921   0.913237   0.415977   0.571594
       463   0.475248    0.50404    0.39761   0.444543
       464   0.663366   0.731195   0.636225   0.680412
       465   0.851485   0.913447   0.997468    0.95361
       466   0.861386   0.895984   0.852223   0.873556
       467   0.861386   0.853306   0.760123   0.804023
       468   0.831683   0.793306   0.798002   0.795647
       469   0.866287   0.341977   0.467335   0.394947
       470   0.831683   0.816643    0.66361   0.732216
       471   0.880088   0.873003   0.673696   0.760508
       472   0.861386   0.752176   0.603071   0.669421
       473   0.851485    0.61877   0.665738   0.641396
       474   0.257426   0.879819   0.558675   0.683399
       475   0.633663   0.743175      0.667    0.70303
       476   0.762376   0.573724   0.535746   0.554085
       477   0.841584   0.779195   0.702034   0.738605
       478   0.792079   0.641227   0.638215   0.639717
       479   0.792079   0.402251   0.496345   0.444372
       480   0.847885     0.8267    0.79905    0.81264
       481   0.831683    0.71752   0.635294   0.673908
       482   0.871287   0.771632   0.739316   0.755129
       483   0.158416    0.53428    0.19757   0.288468
       484   0.772277   0.902493    0.87305   0.887527
       485   0.864586   0.554725   0.549272   0.551985
       486   0.762376   0.975993   0.975993   0.975993
       487   0.831683   0.416591    0.33529   0.371545
       488   0.732673   0.891544    0.47179   0.617048
       489   0.833683   0.813844   0.773131   0.792965
       490   0.850385   0.781145   0.839235   0.809149
       491   0.376238   0.889216   0.495892   0.636709
       492   0.683168   0.722269   0.723488   0.722878
       493   0.742574   0.516641   0.657312   0.578548
       494    0.90099   0.333333   0.818482   0.473734
       495   0.851485   0.991354   0.670565        0.8
       496   0.888689   0.399705   0.514391   0.449853
       497   0.871287   0.453754   0.433472   0.443381
       498   0.881188   0.288779   0.369198   0.324074
       499   0.851485   0.675803   0.654284   0.664869
       500   0.831683   0.587293   0.494133     0.5367
       501    0.80198   0.412726   0.527218   0.462999
       502   0.841584   0.785216   0.714467   0.748173
       503   0.871287   0.740675   0.756806   0.748654
       504   0.831683   0.708823   0.926754   0.803269
       505   0.752475   0.475654   0.353928    0.40586
       506   0.850585    0.60897   0.580412   0.594348
       507   0.851485   0.298969   0.173523   0.219593
       508   0.823382   0.616976    0.44853   0.519438
       509   0.879988   0.671742   0.795817   0.728534
       510   0.880488   0.930081   0.677492   0.783943
       511   0.881188   0.892552   0.934783   0.913179
       512    0.80198   0.813226   0.789931   0.801409
       513   0.841584   0.889374   0.894146   0.891754
       514   0.827683   0.807539   0.846054   0.826348
       515   0.841584   0.753105   0.701852   0.726576
       516   0.841584   0.523526   0.722862   0.607254
       517    0.80198   0.690628   0.791683   0.737711
       518   0.841584   0.570633   0.687343   0.623574
       519   0.851485   0.201521   0.100506   0.134121
       520   0.217822   0.911521   0.255335   0.398924
       521    0.80198   0.661205   0.726221    0.69219
       522   0.851485   0.816438   0.281398   0.418539
       523   0.831683    0.48471    0.38264   0.427669
       524   0.868187   0.589886   0.385597    0.46635
       525   0.841584   0.448168   0.674966   0.538668
       526   0.861386   0.497022   0.718515   0.587588
       527   0.861386    0.82949   0.871256    0.84986
       528   0.435644   0.331806   0.157112   0.213249
       529   0.848485   0.696213   0.684742    0.69043
       530   0.277228    0.89478   0.412174   0.564373
       531   0.881188   0.600598   0.674497   0.635406
       532    0.70297   0.736222   0.671082   0.702144
       533   0.851485   0.870285     0.6961   0.773508
       534   0.821782   0.896321   0.581345   0.705263
       535   0.811881   0.626746   0.633447   0.630079
       536   0.861386   0.810484   0.774566   0.792118
       537    0.80198   0.477628    0.59225   0.528799
       538   0.858686    0.83635   0.766879   0.800109
       539   0.851485   0.371585   0.480905   0.419236
       540   0.821782   0.681514   0.466179   0.553646
       541   0.881188    0.65493   0.855453    0.74188
       542   0.742574    0.52668   0.146832   0.229642
       543   0.425743   0.669197    0.44597   0.535242
       544   0.831683   0.893698   0.944623   0.918455
       545    0.80198   0.953378   0.554638   0.701292
       546   0.831683   0.952596   0.937084   0.944776
       547   0.861386   0.775629   0.667221   0.717352
       548   0.841584    0.56042   0.305538   0.395469
       549   0.851485   0.615478   0.784284   0.689702
       550   0.151815   0.768379    0.50338    0.60827
       551   0.732673    0.81052   0.753417   0.780926
       552   0.831683   0.728414   0.799082   0.762113
       553   0.861386   0.566988   0.603881   0.584854
       554   0.475248   0.514128   0.513025   0.513576
       555   0.524752   0.652981   0.387336   0.486242
       556    0.70297   0.364508   0.206242   0.263432
       557   0.871287   0.706431   0.740234   0.722938
       558   0.861386   0.694205   0.742744   0.717655
       559   0.811881   0.614099   0.556705   0.583995
       560   0.871287   0.515803   0.530904   0.523245
       561    0.90239   0.404967   0.471889   0.435874
       562   0.861386    0.46841   0.233189   0.311369
       563   0.841384   0.771302   0.757801   0.764492
       564   0.772277    0.77884    0.82345   0.800524
       565   0.287729   0.768143   0.399637   0.525747
       566   0.782178   0.620153   0.711227   0.662575
       567   0.821782   0.700489   0.631985   0.664476
       568   0.851485   0.604107   0.871813   0.713681
       569   0.762376    0.71273   0.687008   0.699632
       570   0.881188   0.751544   0.674261   0.710808
       571   0.782178   0.452656   0.503856   0.476886
       572   0.821782   0.604003   0.821186   0.696046
       573   0.237624   0.525111   0.106342   0.176866
       574   0.792079   0.628382   0.526023   0.572664
       575   0.861386   0.967364   0.956162    0.96173
       576   0.861386   0.744213   0.625486   0.679704
       577   0.772277   0.739655    0.62054   0.674882
       578   0.854785   0.810606    0.89021   0.848545
       579   0.643564   0.709247   0.559932   0.625806
       580   0.851485   0.571598   0.901119   0.699493
       581   0.861386   0.741497   0.700214   0.720264
       582   0.831683   0.947119   0.883002   0.913938
       583   0.811881   0.728507   0.788491   0.757313
       584   0.306931   0.223881  0.0707419   0.107512
       585   0.772277   0.822886   0.564891   0.669907
       586   0.861386   0.925287   0.900447   0.912698
       587   0.871287   0.986998    0.95977   0.973193
       588   0.405941   0.755513   0.547603   0.634972
       589   0.871287   0.741282   0.514442   0.607373
       590    0.89649   0.506064   0.614088   0.554867
       591   0.861386   0.586169   0.618772   0.602029
       592   0.815882   0.738833    0.76545   0.751906
       593   0.821782   0.411845   0.503902   0.453246
       594   0.828783   0.956526   0.907883    0.93157
       595   0.831683   0.972122   0.910699   0.940409
       596    0.80198   0.603945   0.574426   0.588816
       597   0.851485   0.902588   0.923676    0.91301
       598   0.762376   0.740604   0.705563   0.722659
       599   0.889589    0.69235   0.393274   0.501616
       600   0.861386   0.721888   0.424105   0.534307
       601   0.792079   0.975309   0.705357   0.818653
       602   0.811881   0.787075   0.553613   0.650017
       603   0.881188   0.556244   0.471118   0.510154
       604   0.851485   0.792924   0.411447    0.54177
       605   0.891089   0.818919   0.640592   0.718861
       606   0.821782   0.865952   0.892882   0.879211
       607   0.861386   0.642489   0.797329   0.711583
       608   0.792079   0.717172   0.868743   0.785714
       609   0.841584   0.640071   0.684144   0.661374
       610   0.861386   0.604832   0.731733   0.662258
       611   0.851485   0.944498   0.978196   0.961052
       612   0.821782   0.715659   0.546695   0.619869
       613   0.871287   0.950249   0.950249   0.950249
       614   0.762376   0.817397   0.860238    0.83827
       615   0.861386   0.486708   0.586568   0.531992
       616   0.287129   0.518784   0.138933   0.219171
       617   0.883688   0.497964   0.466108    0.48151
       618   0.841584   0.675697   0.905016   0.773723
       619   0.851485   0.477074   0.587191   0.526435
       620   0.762376   0.486508    0.57667   0.527766
       621   0.871287   0.860885   0.930664   0.894416
       622   0.861386   0.682692   0.279895   0.397018
       623   0.712871   0.704204   0.359801   0.476263
       624   0.871287   0.517094   0.634338   0.569747
       625   0.732673   0.595922   0.649773   0.621683
       626   0.861386   0.891646   0.932526   0.911628
       627   0.851485   0.394331   0.511182   0.445217
       628   0.851485   0.557052   0.488502    0.52053
       629   0.851785   0.435449   0.531736     0.4788
       630   0.869987   0.453267   0.513428   0.481476
       631   0.188119   0.849708   0.561447   0.676135
       632   0.861386   0.712121   0.632997   0.670232
       633   0.227723   0.897816   0.443382   0.593612
       634    0.80198   0.978959   0.743482   0.845124
       635   0.861686   0.911751   0.858765   0.884466
       636   0.792079   0.877786   0.847917   0.862593
       637    0.80198   0.480655   0.313592   0.379553
       638    0.39604   0.648382   0.329431   0.436888
       639   0.875288   0.377318   0.447512   0.409428
       640   0.881188   0.993776   0.977551   0.985597
       641   0.554455   0.732565   0.743842   0.738161
       642   0.880788   0.552665   0.550967   0.551815
       643   0.851485    0.85034   0.543478    0.66313
       644   0.861386   0.760498    0.53297   0.626722
       645    0.60396   0.608075   0.542774   0.573572
       646   0.891089   0.191257   0.220126   0.204678
       647   0.267327    0.81702   0.610518   0.698833
       648   0.881188   0.840871   0.847973   0.844407
       649   0.861386   0.761538   0.749054   0.755245
       650   0.811881   0.670659   0.460274   0.545898
       651   0.841584   0.576117   0.493898   0.531849
       652   0.881188   0.598843     0.5057   0.548344
       653   0.843184   0.648004   0.710732    0.67792
       654   0.881188   0.569878   0.321593    0.41116
       655   0.792079   0.791533   0.794591   0.793059
       656   0.851485   0.544429   0.490782   0.516215
       657   0.277228   0.714641   0.574879   0.637186
       658   0.841584   0.822881   0.918638   0.868127
       659   0.851485    0.51991   0.302712   0.382638
       660   0.742574   0.811749   0.853183   0.831951
       661   0.762376   0.635067   0.521684   0.572819
       662   0.871287   0.803984   0.921461   0.858723
       663   0.821782   0.764444   0.748368   0.756321
       664   0.889889   0.799383    0.90741   0.849978
       665   0.861386   0.806335    0.62395   0.703514
       666   0.861386   0.725664   0.386428   0.504305
       667   0.792079   0.531619   0.484556   0.506998
       668   0.178218   0.889362   0.472469   0.617104
       669   0.824182    0.50655   0.641581   0.566125
       670   0.376238   0.695839   0.167443   0.269932
       671   0.851485   0.625856   0.660343   0.642637
       672   0.336634   0.731189   0.574588   0.643498
       673    0.90309   0.497875   0.415944   0.453237
       674   0.871287   0.805419   0.725055   0.763127
       675   0.386139   0.946809   0.640288   0.763948
       676   0.693069   0.658014   0.739379   0.696327
       677   0.867687   0.745388   0.582698   0.654078
       678   0.841584   0.710467   0.562612   0.627954
       679   0.821782   0.917441   0.779825   0.843054
       680   0.874587   0.663685   0.760166   0.708656
       681   0.873487   0.604518   0.571458   0.587523
       682   0.188119   0.847028   0.476347   0.609773
       683   0.861386    0.67541   0.490768   0.568472
       684   0.792079   0.634317   0.820281   0.715412
       685   0.861386   0.308682   0.581818   0.403361
       686   0.831683   0.658907   0.518725   0.580473
       687   0.861386   0.861846   0.881347   0.871487
       688   0.386139   0.719014   0.502494   0.591564
       689   0.841584     0.7724   0.773196   0.772798
       690   0.623762   0.323617   0.348271   0.335492
       691   0.861386   0.772652   0.895038   0.829355
       692   0.871287   0.614138   0.835671    0.70798
       693   0.861386   0.527076   0.411848   0.462391
       694   0.841584   0.984035    0.96034   0.972043
       695   0.722772   0.985866   0.629797   0.768595
       696   0.811881   0.926012   0.783267    0.84868
       697   0.860186   0.873705   0.844301   0.858751
       698   0.876588   0.857786   0.611447   0.713965
       699   0.881188   0.853741   0.926199   0.888496
       700   0.851485   0.949495   0.974093   0.961637
       701   0.867087   0.842047   0.744102   0.790051
       702   0.841584   0.879177   0.805654   0.840811
       703   0.871287   0.902662   0.560434   0.691523
       704   0.861386   0.744238   0.836387   0.787626
       705    0.89769   0.541667    0.71165   0.615131
       706   0.861386   0.870276   0.484091   0.622125
       707   0.415842   0.297862   0.179772   0.224219
       708   0.871287   0.732743   0.577406   0.645866
       709   0.191019   0.803695   0.616173   0.697551
       710   0.889189   0.362953   0.197961   0.256191
       711   0.485149   0.787486   0.556952   0.652454
       712   0.851485   0.632224   0.691571   0.660567
       713   0.851485          1   0.981481   0.990654
       714   0.855086   0.938516    0.84882   0.891417
       715   0.851485   0.545804   0.715365   0.619186
       716   0.316832   0.970046  0.0886129   0.162392
       717   0.871287   0.868707   0.647059   0.741677
       718   0.861386   0.704966   0.494874   0.581526
       719   0.821782     0.6812   0.834837   0.750234
       720    0.80198   0.746906   0.614047   0.673991
       721   0.881188   0.567568      0.812   0.668129
       722   0.841584   0.639058   0.411567   0.500683
       723   0.861386   0.878074   0.910733   0.894105
       724    0.90099   0.546006   0.549898   0.547945
       725   0.693069   0.668902   0.312002   0.425524
       726   0.574257   0.702015   0.586879   0.639305
       727   0.841584   0.774323   0.777442   0.775879
       728   0.693069   0.647677   0.295409   0.405752
       729   0.871287   0.698232     0.8848   0.780522
       730   0.722772   0.830762   0.821258   0.825983
       731   0.861386   0.924939   0.835886   0.878161
       732   0.831683   0.730135   0.765723   0.747506
       733    0.80358   0.788003   0.833057   0.809904
       734    0.60396    0.68822   0.424127   0.524823
       735   0.841584   0.685902   0.727907   0.706281
       736   0.880188   0.618344   0.891108   0.730081
       737   0.850385    0.67046   0.623552   0.646156
       738   0.663366    0.90991   0.908273   0.909091
       739   0.841584   0.973041   0.959302   0.966123
       740   0.811881   0.727497   0.836879   0.778364
       741   0.475248    0.67178   0.389234   0.492886
       742   0.326733   0.884639   0.641364    0.74361
       743   0.851485   0.733663   0.567816   0.640173
       744   0.891089    0.85474   0.582899   0.693118
       745   0.881188   0.750909   0.744144   0.747511
       746   0.821782   0.611307   0.522975   0.563702
       747   0.808581   0.558178   0.202448   0.297129
       748   0.752475   0.968146   0.887383   0.926007
       749    0.80198   0.849496   0.887358   0.868014
       750   0.841584   0.810369   0.615248   0.699456
       751   0.861386   0.623303    0.42846   0.507834
       752   0.851485   0.759434   0.680473   0.717789
       753   0.871287   0.721675   0.684047   0.702357
       754   0.851485   0.813095   0.753863    0.78236
       755   0.821782   0.464946    0.59168   0.520713
       756   0.871287   0.730245   0.819572   0.772334
       757   0.821782   0.688409   0.663551   0.675752
       758   0.841584   0.364567   0.748585   0.490336
       759   0.693069   0.563414   0.493302   0.526032
       760   0.851485   0.662753   0.804404   0.726741
       761   0.544554   0.498688   0.534208   0.515837
       762   0.831683   0.623611   0.705975   0.662242
       763   0.207921   0.875256   0.433503   0.579825
       764   0.865687    0.67226   0.824065   0.740462
       765   0.861386   0.994275   0.986742   0.990494
       766   0.792079   0.583276   0.499853   0.538352
       767   0.871287   0.469577   0.192308   0.272867
       768   0.405941   0.791903   0.642841   0.709628
       769   0.752475    0.67368   0.542504   0.601018
       770   0.881188   0.600216   0.749664   0.666667
       771   0.346535    0.85649   0.801018   0.827826
       772   0.851485   0.942387   0.954167    0.94824
       773    0.49505   0.690867   0.646782   0.668098
       774   0.851485   0.946602   0.933014   0.939759
       775   0.811881    0.60878    0.58174   0.594953
       776   0.871287   0.695219   0.904145   0.786036
       777   0.861386   0.809378   0.909507   0.856526
       778   0.841584   0.914484   0.581008   0.710566
       779    0.80198   0.660626   0.509206   0.575117
       780   0.792079   0.736297   0.590332   0.655285
       781   0.277228   0.713905   0.481093   0.574821
       782   0.683168   0.692607   0.162335   0.263022
       783   0.425743   0.649672   0.454654   0.534944
       784   0.891089   0.594203    0.76875     0.6703
       785   0.871287    0.79064   0.663223   0.721348
       786   0.841584          1          1          1
       787   0.841584   0.475524   0.944444   0.632558
       788   0.851485   0.904615   0.866405   0.885098
       789   0.762376   0.793783    0.52666   0.633202
       790   0.782178   0.412529   0.346589   0.376695
       791   0.841584   0.792088   0.866483   0.827617
       792   0.871287   0.678707   0.371488   0.480161
       793   0.306931   0.572117   0.777172   0.659063
       794   0.782178   0.977673   0.759817   0.855087
       795   0.861386   0.728964   0.788967    0.75778
       796   0.782178    0.83275   0.566071    0.67399
       797   0.862686   0.818571   0.786178   0.802048
       798   0.881188    0.63357   0.715621     0.6721
       799   0.306931   0.745455   0.187054   0.299065
       800   0.782178   0.819088   0.871178    0.84433
       801   0.287129   0.864922   0.459228   0.599927
       802   0.881188   0.878971   0.661731   0.755036
       803   0.850685   0.864172    0.86943   0.866793
       804   0.861386    0.66449   0.705984   0.684609
       805   0.851485   0.904669   0.786802   0.841629
       806   0.683168   0.592602   0.664829   0.626641
       807   0.861386   0.876081   0.962025   0.917044
       808   0.813381   0.781414   0.717801   0.748258
       809   0.673267   0.624079   0.565702   0.593458
       810   0.881188    0.83504   0.844649   0.839817
       811   0.782178   0.835443   0.600496   0.698749
       812   0.841584    0.50595   0.741283   0.601414
       813   0.881188   0.563329   0.496281   0.527684
       814   0.869687   0.720555   0.920123   0.808201
       815   0.811881   0.649692   0.568839   0.606583
       816   0.247525   0.865759   0.652191   0.743951
       817   0.851485   0.914894   0.934783   0.924731
       818   0.869287    0.53225   0.658526   0.588693
       819   0.188119   0.942983   0.657365   0.774687
       820   0.643564   0.418457   0.743989   0.535642
       821   0.861386   0.541366   0.622605   0.579151
       822   0.792079   0.487284   0.481407   0.484328
       823   0.841584    0.65081   0.579802   0.613257
       824   0.851485   0.822086   0.921415   0.868921
       825   0.821782   0.700062   0.792254    0.74331
       826   0.871887   0.686959   0.596118   0.638323
       827    0.19802   0.834093   0.281154    0.42055
       828   0.861386   0.719284   0.440458   0.546354
       829   0.821782   0.496948   0.571011   0.531411
       830   0.881188   0.852083   0.948956   0.897914
       831   0.782178   0.682716   0.556338   0.613082
       832   0.742574   0.724734    0.35184   0.473707
       833   0.871287   0.702842   0.505576   0.588108
       834   0.821782   0.602731   0.634497   0.618206
       835   0.326733   0.852802   0.775005   0.812045
       836   0.888489   0.517211   0.524952   0.521053
       837   0.826983   0.676979   0.574571   0.621586
       838   0.346535   0.753481   0.255485   0.381584
       839   0.861386   0.838278        0.8   0.818692
       840   0.138614   0.391037  0.0536105  0.0942935
       841   0.871287    0.55843   0.691713   0.617966
       842   0.871287   0.601892   0.881612   0.715381
       843   0.750975   0.356242   0.257981   0.299252
       844   0.762376      0.525   0.334688   0.408779
       845   0.841584   0.760789   0.752439   0.756591
       846   0.811881    0.90225    0.62967   0.741709
       847   0.871287   0.775019   0.831115   0.802088
       848   0.878588   0.552558   0.574085   0.563116
       849   0.881188   0.782713   0.634241   0.700699
       850   0.792079   0.848151   0.919795   0.882521
       851   0.762376   0.907653   0.778622   0.838201
       852   0.831683   0.706035   0.637002   0.669745
       853   0.878788   0.395187   0.309205   0.346948
       854   0.772277   0.406032    0.36157   0.382514
       855   0.861386   0.965451   0.936685   0.950851
       856   0.871287   0.370755   0.694805   0.483507
       857   0.831683   0.936639   0.891219   0.913365
       858   0.841584   0.868755   0.955307   0.909978
       859   0.861386   0.846774   0.861199   0.853926
       860    0.70297   0.767906   0.582531   0.662495
       861   0.869187   0.368174   0.184238   0.245584
       862   0.891089   0.531707   0.287094   0.372862
       863   0.845585   0.470318   0.434983   0.451961
       864   0.306531   0.907167   0.457626   0.608361
       865   0.851485    0.95175   0.669328   0.785938
       866   0.881188   0.750369   0.709497   0.729361
       867   0.841584   0.774734   0.733958   0.753795
       868   0.653465   0.647764   0.641238   0.644485
       869   0.821782   0.743217   0.687276   0.714153
       870   0.851485    0.80381   0.673046   0.732639
       871    0.90099    0.43346    0.30563   0.358491
       872   0.841584   0.636994   0.839939   0.724523
       873   0.871287   0.972067   0.945652   0.958678
       874   0.871287    0.43484   0.615955   0.509789
       875    0.90099   0.576327   0.729692   0.644005
       876    0.80198   0.461664   0.740838   0.568844
       877    0.19802   0.861856   0.261291   0.401007
       878   0.841084   0.603096   0.594379   0.598706
       879    0.70297    0.80314   0.225118   0.351666
       880   0.830583   0.799825   0.307428   0.444141
       881    0.39604   0.908304    0.37234   0.528169
       882   0.594059   0.514783   0.825662   0.634172
       883   0.831683   0.617143    0.67313   0.643922
       884   0.841584   0.891525   0.866557   0.878864
       885   0.841584   0.379973   0.155705   0.220893
       886   0.842984   0.865129   0.790502   0.826134
       887   0.888689   0.593553   0.555696   0.574001
       888   0.742574   0.516047   0.670324   0.583154
       889   0.851485   0.834395     0.5044   0.628728
       890   0.851485    0.85311   0.770538   0.809725
       891    0.80198       0.56   0.403458   0.469012
       892    0.60396   0.819113   0.957129   0.882759
       893   0.841584   0.945892   0.645397   0.767272
       894   0.851485   0.744583    0.80993   0.775883
       895   0.851485   0.691814   0.248845    0.36603
       896   0.821782   0.531077   0.546942   0.538893
       897   0.841584   0.780864   0.689373   0.732272
       898   0.871287   0.860039   0.905488   0.882178
       899   0.890889   0.757407   0.760433   0.758917
       900   0.891089   0.894855   0.909091   0.901917
       901   0.851485      0.624   0.380488   0.472727
       902   0.811881   0.848814    0.71502   0.776193
       903    0.80198   0.771321   0.684987   0.725595
       904   0.851485   0.703305    0.75745   0.729374
       905   0.811881   0.735294   0.849151   0.788132
       906   0.871287   0.700669   0.919868   0.795444
       907    0.80198   0.545604   0.633286   0.586184
       908   0.826983   0.363205   0.493426   0.418418
       909   0.881188   0.837104   0.750507   0.791444
       910    0.29703    0.82283   0.571333   0.674397
       911   0.851485   0.395765   0.498206   0.441116
       912   0.851485    0.84361   0.859745   0.851601
       913    0.19802   0.879538   0.278294   0.422808
       914   0.840184   0.697665   0.615238   0.653864
       915   0.693069   0.554679   0.366344   0.441256
       916   0.772277   0.822301   0.793059   0.807415
       917   0.831683   0.669331   0.293088   0.407667
       918   0.881188   0.659845   0.604357   0.630883
       919   0.851485   0.674373   0.769985   0.719014
       920   0.861386   0.653605   0.557114   0.601515
       921   0.534653   0.610848   0.604368   0.607591
       922   0.841584   0.716929   0.909624   0.801862
       923   0.833383   0.551719   0.616678   0.582392
       924   0.891089   0.894737   0.800725   0.845124
       925   0.881188   0.711324   0.667665   0.688803
       926   0.524752   0.356467   0.203848   0.259373
       927   0.712871   0.672885   0.699354   0.685864
       928    0.89929   0.824595   0.767576   0.795064
       929   0.841584   0.871533   0.909368   0.890048
       930   0.811881   0.541497   0.713262   0.615623
       931   0.851485   0.627652    0.69363   0.658994
       932    0.39604   0.652838    0.30557    0.41629
       933   0.845685   0.709349   0.522107   0.601493
       934   0.865187   0.519711   0.478774   0.498403
       935   0.846285   0.552702   0.598972   0.574907
       936   0.336634   0.675289   0.424658   0.521419
       937   0.237624   0.894348   0.356275    0.50956
       938   0.811881   0.719175   0.644856    0.67999
       939   0.831683    0.89146   0.795301    0.84064
       940   0.821782    0.45092   0.189068   0.266425
       941   0.772277   0.781768   0.765555   0.773576
       942   0.831683   0.596177   0.540043   0.566723
       943   0.762376    0.51582    0.38405   0.440287
       944   0.445545   0.688643   0.690971   0.689805
       945   0.366337   0.394411   0.487819    0.43617
       946   0.831383   0.520492   0.659344   0.581747
       947   0.831683   0.892758    0.76355   0.823114
       948   0.831683   0.642829   0.706321   0.673081
       949   0.851485   0.800366    0.59134   0.680156
       950   0.831683   0.673967    0.72098   0.696681
       951   0.841584   0.929695   0.968208   0.948561
       952   0.844684   0.780499   0.502386   0.611296
       953   0.871287   0.799541   0.900862   0.847183
       954   0.881188   0.780523   0.757405    0.76879
       955   0.851485   0.746109   0.917464   0.822961
       956   0.868587    0.43335   0.326665    0.37252
       957   0.772277   0.576067   0.589184   0.582552
       958    0.90099   0.872483   0.872483   0.872483
       959   0.237624   0.924313   0.641413   0.757305
       960   0.841584   0.785714   0.773828   0.779726
       961   0.752475   0.803481   0.743125   0.772125
       962    0.70297   0.302602   0.299926   0.301258
       963   0.868187   0.605873   0.860767    0.71117
       964   0.888789   0.624032   0.895367   0.735472
       965   0.841584   0.617399   0.848028   0.714565
       966   0.811881   0.544131   0.741935   0.627822
       967   0.841584    0.52487   0.669089   0.588269
       968   0.881188   0.625147   0.832551   0.714094
       969   0.841584   0.679925   0.639019   0.658838
       970   0.871287   0.953998   0.918776   0.936056
       971   0.883288   0.823445   0.690227   0.750974
       972   0.851485   0.671693   0.661082   0.666345
       973   0.865787   0.885437   0.935834   0.909938
       974   0.841584   0.939341   0.486099   0.640662
       975   0.871287   0.800223   0.805618   0.802912
       976   0.782178   0.654464    0.79458   0.717748
       977   0.841584   0.742991   0.443309   0.555297
       978   0.881988   0.655687   0.601821   0.627601
       979   0.792079    0.28703   0.456081   0.352327
       980    0.80198   0.769777   0.287391   0.418528
       981   0.832183   0.583379   0.572245   0.577758
       982   0.861386    0.98773          1   0.993827
       983   0.772277   0.703498    0.67326   0.688047
       984   0.712871   0.425789   0.445538    0.43544
       985   0.851485   0.706944   0.479736   0.571589
       986   0.871287   0.949389   0.936317   0.942808
       987   0.871287   0.723529   0.118497   0.203642
       988   0.887189   0.513805   0.663185   0.579016
       989   0.871287   0.435028   0.385827   0.408953
       990   0.861386   0.736213   0.544528   0.626026
       991   0.824382   0.767133   0.528604   0.625914
       992   0.742574   0.364547   0.553667   0.439631
       993   0.851485   0.968529    0.94015   0.954128
       994   0.866287   0.869314   0.534811   0.662219
       995   0.871287   0.739554   0.560718   0.637838
       996   0.782178   0.909739   0.881473   0.895383
       997   0.851485   0.644418   0.776415   0.704285
       998    0.49505   0.746051   0.700114   0.722353
       999   0.891089   0.491143   0.819892     0.6143
      1000   0.811881   0.910729   0.911475   0.911102
      1001   0.878988   0.531586   0.384731   0.446391
      1002   0.792079   0.865288   0.927501   0.895315
      1003   0.838384   0.719625   0.398111   0.512626
      1004   0.821782   0.692708   0.731663   0.711653
      1005   0.871287   0.794725   0.631723   0.703911
      1006   0.851485   0.845528   0.543554   0.661718
      1007   0.851485   0.987118   0.997559   0.992311
      1008   0.841584   0.858723    0.82502   0.841535
      1009   0.870987   0.506722   0.492095   0.499301
      1010   0.851485   0.671745   0.745389   0.706654
      1011   0.851485   0.954619   0.992418   0.973152
      1012   0.821782   0.508972   0.728405   0.599232
      1013   0.841884   0.542503   0.855944   0.664097
      1014   0.851485    0.68915   0.925197   0.789916
      1015   0.861386   0.463759   0.558733   0.506835
      1016   0.851485   0.471652   0.438503   0.454473
      1017   0.782178   0.475806   0.335814   0.393737
      1018   0.752475   0.612807   0.587997   0.600146
      1019   0.841584   0.696072   0.794853    0.74219
      1020   0.841284   0.675051   0.851998   0.753272
      1021   0.811881     0.9985   0.977239   0.987755
      1022   0.811881   0.642795   0.821429   0.721215
      1023   0.881188     0.5525    0.82875      0.663
      1024   0.831683   0.614618   0.570988      0.592
      1025   0.811881   0.417869   0.544079   0.472694
      1026   0.851485   0.881908     0.9475   0.913528
      1027   0.851485   0.985023   0.892484   0.936473
      1028   0.821782    0.68107   0.824408   0.745915
      1029   0.841584    0.56895   0.630846   0.598301
      1030   0.841584   0.872944    0.79289   0.830994
      1031   0.881188   0.792208   0.610407   0.689525
      1032    0.80198   0.750119   0.836335   0.790884
      1033   0.772277   0.749231   0.413228   0.532669
      1034   0.872687   0.641554   0.536765     0.5845
      1035   0.514851   0.544592    0.19896   0.291445
      1036   0.841584   0.657269    0.75277   0.701785
      1037   0.871287   0.859195   0.875549   0.867295
      1038   0.653465    0.62898   0.501841   0.558263
      1039   0.861386    0.73743   0.410575   0.527473
      1040    0.70297   0.627763   0.354645    0.45324
      1041   0.772277   0.684986   0.559074   0.615658
      1042   0.851485   0.924966   0.935818    0.93036
      1043   0.871287   0.749361   0.580198   0.654018
      1044   0.851485   0.796644   0.725067   0.759172
      1045   0.861386   0.643533    0.58917   0.615153
      1046   0.873987    0.52213   0.595354   0.556343
      1047   0.811881   0.811623   0.725806    0.76632
      1048   0.425743   0.640288   0.993026   0.778568
      1049   0.821782   0.618822   0.823423    0.70661
      1050   0.841584   0.839123    0.96556   0.897912
      1051   0.207921      0.899   0.625955   0.738033
      1052   0.782178   0.641518   0.680738   0.660546
      1053   0.218322    0.78219   0.726419   0.753274
      1054   0.613861   0.772795   0.218697   0.340917
      1055   0.890689   0.429546   0.542736   0.479553
      1056   0.415842   0.852184   0.867235   0.859644
      1057   0.366337   0.745455   0.203071    0.31919
      1058   0.841584   0.650485   0.704296   0.676322
      1059   0.811881    0.91877   0.860414   0.888635
      1060   0.811881    0.38381   0.246969   0.300546
      1061   0.861386   0.971057   0.982666   0.976827
      1062   0.673267   0.710617   0.770343   0.739276
      1063   0.855586    0.78467   0.742565   0.763037
      1064   0.306931    0.15155  0.0811559   0.105706
      1065   0.752475   0.992141   0.945693    0.96836
      1066   0.267327   0.811233   0.496832   0.616248
      1067   0.821782   0.711529   0.747401   0.729024
      1068   0.863686   0.649098   0.729391   0.686907
      1069   0.851485   0.563148   0.801215   0.661412
      1070   0.831683   0.695238   0.871642    0.77351
      1071   0.868987   0.859158   0.643645   0.735949
      1072   0.881188   0.314286   0.219269   0.258317
      1073   0.881288   0.548799   0.726431   0.625243
      1074   0.326733   0.331116   0.343519   0.337204
      1075   0.885189   0.350303   0.959371   0.513213
      1076   0.306931    0.84986   0.364567    0.51025
      1077   0.841584   0.849057   0.397727   0.541702
      1078   0.821782    0.71179   0.636167   0.671857
      1079   0.862586   0.507657   0.500052   0.503826
      1080    0.50495   0.679734   0.274336   0.390906
      1081   0.841584   0.775367   0.795678   0.785391
      1082   0.663366   0.811731   0.656515   0.725919
      1083   0.891089   0.847953   0.604167   0.705596
      1084   0.693069   0.803163   0.628986   0.705482
      1085   0.811881   0.601395   0.662737   0.630578
      1086   0.861386   0.712298   0.884615    0.78916
      1087    0.80198   0.587909   0.772285   0.667601
      1088   0.851485   0.792649   0.832853   0.812254
      1089   0.821782   0.597183   0.429274   0.499495
      1090   0.831683   0.648516   0.704071   0.675153
      1091   0.247525   0.868592   0.455682   0.597764
      1092   0.861386   0.788969   0.863517   0.824561
      1093   0.821782   0.607949   0.693993   0.648128
      1094   0.821782   0.741525   0.622333   0.676721
      1095   0.880488   0.311099   0.419899   0.357402
      1096   0.851485   0.877193    0.86858   0.872865
      1097   0.574257   0.818807   0.630992   0.712734
      1098   0.861386   0.836207   0.626384   0.716245
      1099   0.873887   0.636148   0.644584   0.640338
      1100   0.613861   0.569655   0.496096   0.530337
      1101   0.861386   0.751304   0.768683   0.759894
      1102   0.883688   0.583758   0.557059   0.570096
      1103   0.792079   0.709826    0.69052    0.70004
      1104   0.871287   0.747321   0.569001   0.646083
      1105   0.861486   0.856261    0.80035   0.827362
      1106   0.851485   0.522381   0.552837   0.537178
      1107   0.811881   0.705942   0.602234   0.649977
      1108   0.237624   0.783853    0.63578   0.702094
      1109    0.80198   0.509513    0.58874   0.546269
      1110   0.851485   0.601952   0.689869   0.642919
      1111   0.306931   0.577246   0.448118   0.504551
      1112   0.821782    0.68439   0.716914   0.700275
      1113   0.772277   0.762585   0.534828   0.628716
      1114   0.861386   0.984663   0.986175   0.985418
      1115    0.80198   0.622594   0.716763   0.666368
      1116   0.851485   0.803897   0.911618   0.854375
      1117   0.831683   0.359607   0.592357   0.447529
      1118   0.841684   0.566278   0.450492   0.501792
      1119   0.851485   0.993045   0.980168   0.986564
      1120   0.851485   0.882126   0.579315   0.699349
      1121   0.851485   0.789281   0.664615   0.721604
      1122   0.673267   0.711755   0.564135   0.629405
      1123   0.683168   0.875948   0.652444   0.747854
      1124   0.851485   0.630962   0.725698   0.675022
      1125   0.811881   0.550708   0.279976   0.371224
      1126   0.623762   0.605459   0.521702   0.560469
      1127   0.772277   0.454237   0.364527   0.404467
      1128   0.673267   0.755224  0.0731425   0.133368
      1129   0.861386   0.817195   0.878815   0.846886
      1130    0.80198   0.683973   0.815247   0.743863
      1131   0.883688   0.590816   0.452529   0.512508
      1132   0.851485   0.605243   0.593348   0.599237
      1133   0.871287    0.76556   0.613977    0.68144
      1134   0.851485   0.782101   0.587719   0.671119
      1135   0.831683   0.818182   0.485777   0.609611
      1136   0.792079    0.68574   0.549291   0.609978
      1137   0.861486   0.894192   0.675601   0.769677
      1138    0.90249   0.362674   0.457198   0.404487
      1139   0.871287   0.580383   0.772326   0.662737
      1140   0.306931   0.910123   0.546251   0.682731
      1141   0.821782   0.894345   0.923195   0.908541
      1142   0.485149   0.605182   0.714754    0.65542
      1143   0.893289   0.446018   0.755213   0.560822
      1144   0.247525   0.801267   0.542771   0.647161
      1145   0.841584   0.785929   0.741771   0.763212
      1146   0.821782   0.711073   0.778409   0.743219
      1147   0.732673   0.625213   0.136584   0.224191
      1148   0.346535   0.978552   0.829545   0.897909
      1149   0.693169   0.720572   0.973254   0.828066
      1150   0.862886   0.928519   0.742174   0.824954
      1151    0.39604   0.299482   0.196866   0.237567
      1152   0.841584   0.757154   0.687983   0.720913
      1153   0.623762   0.922835   0.706876   0.800546
      1154   0.386139   0.712713   0.503612   0.590189
      1155   0.811881   0.770064   0.802258   0.785831
      1156   0.673267   0.764798   0.662432   0.709944
      1157    0.80198   0.585742   0.425373    0.49284
      1158   0.871287   0.657975   0.643154    0.65048
      1159   0.861386   0.805842   0.817073   0.811419
      1160   0.861386   0.449198   0.902256   0.599786
      1161   0.861386   0.708391   0.913931    0.79814
      1162    0.80198   0.431111   0.687943   0.530055
      1163   0.455446   0.837832   0.457818   0.592096
      1164   0.861386   0.920361   0.873733   0.896441
      1165   0.158416    0.21506  0.0400583  0.0675369
      1166   0.762376   0.557513   0.612366   0.583654
      1167   0.811881   0.558833   0.758841   0.643657
      1168   0.871287   0.845178   0.839496   0.842327
      1169    0.70297   0.925581   0.987103   0.955353
      1170   0.811881   0.826233   0.697256   0.756285
      1171   0.811881   0.633452  0.0908627   0.158929
      1172   0.851485   0.518196   0.517378   0.517787
      1173   0.316832   0.104946  0.0827783  0.0925532
      1174   0.861386   0.680723    0.52194    0.59085
      1175   0.851485   0.741328   0.970169   0.840449
      1176   0.861386   0.864266   0.941176   0.901083
      1177   0.868287    0.84445   0.803327   0.823376
      1178   0.841584   0.483182   0.664309    0.55945
      1179   0.811881   0.466435   0.627222   0.535009
      1180   0.851485    0.58154    0.75445   0.656806
      1181   0.524752   0.689579   0.415479   0.518535
      1182   0.237624   0.568401   0.366062   0.445325
      1183   0.772277   0.724809    0.43156   0.541002
      1184   0.851485   0.946203   0.963894   0.954966
      1185   0.891089   0.726236   0.357343   0.478997
      1186   0.772277   0.627931   0.919403   0.746214
      1187   0.762376   0.626498   0.606826   0.616505
      1188    0.29703   0.420979   0.321787    0.36476
      1189   0.851485   0.515644   0.486655    0.50073
      1190   0.871287   0.432546   0.339061   0.380141
      1191   0.851485   0.891525   0.780415   0.832278
      1192   0.821782   0.714866   0.867512   0.783827
      1193   0.839984   0.610368   0.481458   0.538303
      1194   0.257426   0.214431  0.0826803   0.119344
      1195   0.861386   0.594595   0.374749   0.459742
      1196    0.80198   0.909447    0.67959   0.777894
      1197   0.881188   0.532258   0.466667   0.497309
      1198   0.336634   0.704972   0.830189   0.762474
      1199   0.782178   0.554182   0.605403   0.578661
      1200   0.861386   0.756645   0.789766   0.772851
      1201   0.831683   0.487119   0.378871    0.42623
      1202   0.841584   0.837909   0.891072   0.863673
      1203   0.851485     0.6548   0.668831   0.661741
      1204   0.831683   0.675268   0.772031   0.720415
      1205   0.831683   0.590465   0.462511   0.518714
      1206   0.831683    0.79086   0.618879   0.694379
      1207   0.772277   0.572414   0.160853   0.251135
      1208   0.841584   0.841895   0.947447   0.891558
      1209   0.871287   0.414783   0.646341   0.505297
      1210   0.841584   0.858824   0.855946   0.857383
      1211   0.794279   0.595833   0.594504   0.595168
      1212   0.841584   0.699287   0.782147     0.7384
      1213   0.851485   0.299076   0.149711   0.199538
      1214   0.742574   0.797312   0.654746    0.71903
      1215   0.851485   0.749141   0.138237   0.233405
      1216   0.851485    0.53083   0.718951   0.610732
      1217   0.336634   0.620301   0.595533   0.607665
      1218   0.881188   0.829193    0.92228   0.873262
      1219   0.841584   0.879151   0.860874   0.869917
      1220   0.871287    0.87576   0.951841   0.912217
      1221   0.861386   0.766775    0.61623   0.683309
      1222   0.861386   0.630673   0.603293   0.616679
      1223   0.306931   0.696583   0.586498   0.636818
      1224   0.237624   0.855232   0.525242   0.650796
      1225   0.887189   0.755704   0.696106   0.724682
      1226   0.782178   0.946197   0.947075   0.946636
      1227   0.168317   0.573852   0.109656   0.184127
      1228   0.861386   0.874576   0.725126    0.79287
      1229   0.732673   0.686527   0.657801   0.671857
      1230   0.772277   0.628372   0.806517   0.706386
      1231    0.80198   0.396841      0.536   0.456041
      1232   0.207921   0.822017   0.363928   0.504501
      1233   0.574257   0.756137   0.684698   0.718647
      1234   0.871287   0.799775   0.810718    0.80521
      1235   0.623762   0.414564   0.316888   0.359204
      1236   0.346535   0.751674   0.308379   0.437338
      1237    0.80198   0.468699   0.782669   0.586296
      1238   0.881188   0.474138   0.648755   0.547869
      1239   0.851485   0.611588   0.598111   0.604775
      1240   0.792079   0.845393    0.86722   0.856168
      1241   0.841584   0.589586   0.597277   0.593407
      1242   0.841584   0.619915   0.706602   0.660426
      1243   0.841584   0.749213   0.944444   0.835576
      1244   0.871287   0.962908   0.983333   0.973013
      1245   0.867787   0.199446    0.32083   0.245978
      1246   0.851485     0.7425   0.693925   0.717391
      1247   0.336634   0.734694   0.628743   0.677602
      1248   0.864586   0.843479   0.739794   0.788241
      1249   0.888389    0.73362   0.411631   0.527361
      1250   0.712871   0.694016   0.791696   0.739645
      1251   0.881188    0.54386   0.645833   0.590476
      1252   0.188119    0.83467   0.624958   0.714749
      1253   0.836384   0.866219   0.684155   0.764497
      1254   0.872187   0.744028   0.642199   0.689373
      1255   0.514851   0.514124   0.402893   0.451762
      1256   0.663366   0.439702    0.18612   0.261535
      1257   0.864386   0.742069   0.695294    0.71792
      1258   0.861386     0.7312   0.686186   0.707978
      1259   0.871287   0.639944   0.511811    0.56875
      1260   0.792079   0.625596   0.574411   0.598912
      1261   0.861386   0.444596   0.597426   0.509804
      1262   0.554455   0.689015   0.388189   0.496597
      1263   0.455446   0.859466   0.767635   0.810959
      1264   0.851485   0.706098    0.73758   0.721495
      1265   0.861386    0.86077   0.877295   0.868954
      1266   0.811881   0.788021   0.507372   0.617295
      1267   0.861386   0.422601   0.574132   0.486848
      1268   0.514851   0.826478   0.266142    0.40263
      1269   0.831683   0.681985   0.428406   0.526241
      1270   0.851485   0.847626   0.786222    0.81577
      1271   0.425743     0.6337   0.250226   0.358782
      1272   0.871287   0.751361   0.303075   0.431925
      1273   0.247525   0.909004   0.740081   0.815891
      1274    0.90099   0.584009   0.672897    0.62531
      1275   0.683168    0.62057   0.462186   0.529794
      1276    0.60396   0.932836   0.845737   0.887154
      1277   0.792079   0.695415   0.652441   0.673243
      1278   0.811881   0.653621   0.830005   0.731328
      1279   0.870387   0.526738   0.551236   0.538708
      1280   0.742574   0.679052   0.626715   0.651834
      1281    0.80198   0.882743   0.956835   0.918297
      1282   0.554455   0.730263   0.765517   0.747475
      1283   0.855886    0.51052   0.595551   0.549767
      1284   0.857086   0.594843   0.652667   0.622415
      1285   0.821782    0.77349    0.79346   0.783347
      1286   0.792079   0.508749   0.687993   0.584948
      1287   0.841584   0.898955   0.463404   0.611556
      1288   0.722772   0.763947   0.802779   0.782882
      1289   0.693069   0.683357   0.675837   0.679576
      1290   0.841584   0.529412    0.62197   0.571971
      1291   0.821782   0.308026   0.199019   0.241805
      1292   0.851485   0.643322   0.190453   0.293899
      1293   0.841584   0.564262   0.607823   0.585233
      1294   0.663366   0.751069   0.642988   0.692839
      1295   0.851485   0.548628   0.161172   0.249151
      1296   0.859486   0.510577   0.834408   0.633508
      1297   0.851485   0.987719    0.99646    0.99207
      1298   0.806781   0.572527   0.369536   0.449162
      1299   0.821782    0.50158    0.45273   0.475905
      1300   0.792079   0.614418   0.986842   0.757321
      1301   0.881188   0.891192   0.974504   0.930988
      1302   0.841584   0.744712    0.62926   0.682136
      1303    0.29703   0.848998   0.701329   0.768131
      1304   0.742574   0.540575   0.653218   0.591582
      1305   0.732673   0.650019   0.676436   0.662964
      1306   0.858986   0.932393    0.87971   0.905285
      1307   0.861386   0.642816   0.726861    0.68226
      1308   0.837584    0.57875   0.785258   0.666372
      1309   0.891889   0.426277   0.554328   0.481942
      1310   0.415842   0.735989    0.51969    0.60921
      1311   0.843484   0.607415   0.444572   0.513389
      1312   0.831683   0.651127   0.643625   0.647354
      1313   0.891089   0.813261   0.582364   0.678713
      1314    0.80198   0.929664   0.935385   0.932515
      1315   0.811881   0.781736   0.683079   0.729085
      1316   0.653465   0.792348    0.67358   0.728153
      1317   0.227723   0.829545   0.293737    0.43385
      1318   0.782178   0.507128   0.662528   0.574505
      1319   0.207921   0.560445    0.45901   0.504681
      1320   0.887689   0.451633   0.344386   0.390785
      1321   0.841584   0.673913   0.603616   0.636831
      1322   0.861386   0.976959   0.905016   0.939612
      1323   0.792079   0.866913   0.812543   0.838848
      1324   0.861386   0.629428       0.15   0.242265
      1325   0.891089   0.834862   0.583333   0.686792
      1326   0.821782   0.855543   0.919374   0.886311
      1327   0.871287   0.783753   0.483416   0.597992
      1328   0.693069   0.607048   0.603829   0.605434
      1329   0.869987   0.342912   0.473296    0.39769
      1330   0.831683   0.950638   0.880915   0.914449
      1331   0.890589   0.667545   0.780847   0.719765
      1332   0.792079   0.666667     0.1375   0.227979
      1333   0.821782   0.777585   0.717147   0.746144
      1334    0.20332   0.905589   0.264714   0.409675
      1335   0.861886   0.948304   0.921981   0.934957
      1336   0.821782    0.91004   0.890024   0.899921
      1337   0.877788   0.770695   0.538818   0.634227
      1338   0.722772   0.577875  0.0837199   0.146252
      1339   0.861386   0.918356   0.903887   0.911064
      1340   0.207921   0.785367   0.482275   0.597587
      1341   0.722772   0.644231   0.102603   0.177015
      1342   0.841584    0.66782    0.91253   0.771229
      1343   0.792079   0.583111   0.411543    0.48253
      1344   0.871287   0.895888    0.87897   0.887348
      1345   0.851485   0.825207   0.366871   0.507928
      1346   0.772277    0.74191   0.765276   0.753412
      1347   0.821782   0.758037        0.4    0.52367
      1348   0.762376   0.558896   0.759167   0.643816
      1349   0.841584   0.366933   0.560354   0.443471
      1350   0.841584   0.771965   0.926731   0.842298
      1351   0.871287   0.662483   0.728528   0.693937
      1352   0.855486   0.750884   0.814136   0.781231
      1353   0.831683   0.719581   0.775174   0.746344
      1354   0.861386   0.786834    0.55902   0.653646
      1355   0.851485   0.803594   0.714207   0.756268
      1356   0.762376   0.465711   0.406795   0.434264
      1357    0.29703   0.864407  0.0111111  0.0219402
      1358   0.435644   0.639563   0.624208   0.631792
      1359   0.851485   0.907931   0.950382   0.928671
      1360   0.346535   0.714736   0.413777   0.524126
      1361   0.861386   0.578206   0.663612   0.617972
      1362    0.80198   0.949339   0.864594   0.904987
      1363   0.455446   0.544627   0.158201   0.245182
      1364    0.80198   0.446855   0.409814   0.427534
      1365   0.861386   0.776316   0.208113   0.328234
      1366   0.346535   0.424258   0.465981   0.444142
      1367   0.712871   0.554902   0.680288   0.611231
      1368   0.227723   0.957434   0.472502   0.632741
      1369   0.871387   0.679876   0.584866   0.628802
      1370   0.792079   0.755922   0.424277   0.543502
      1371   0.683168   0.561505   0.495108   0.526221
      1372   0.316832   0.757776   0.658643   0.704741
      1373    0.80198   0.443627   0.525653    0.48117
      1374   0.821782   0.337748      0.459   0.389148
      1375   0.277228   0.967742   0.102296   0.185033
      1376   0.861386   0.912746   0.825213   0.866775
      1377   0.792079   0.691298   0.731993   0.711064
      1378   0.772277   0.785482   0.580867   0.667854
      1379    0.80198   0.869782   0.764094    0.81352
      1380    0.50495   0.915313   0.414609   0.570705
      1381    0.19802   0.806498   0.495908   0.614169
      1382   0.858786   0.508902    0.68495   0.583946
      1383   0.861386   0.655857    0.52021   0.580211
      1384   0.821782   0.709934   0.603586   0.652455
      1385   0.861386   0.573893   0.823466   0.676393
      1386   0.861386   0.728458     0.5592   0.632704
      1387   0.792079   0.514644   0.253478   0.339662
      1388   0.831683   0.347826   0.232519   0.278717
      1389   0.277228    0.62326   0.487196   0.546892
      1390   0.831683    0.64638   0.704901   0.674373
      1391   0.821782   0.464357   0.377243   0.416292
      1392   0.891289   0.338182   0.624399   0.438738
      1393    0.80198   0.580672    0.70529   0.636943
      1394   0.831683   0.589806   0.692308   0.636959
      1395   0.841584   0.945055   0.857143   0.898955
      1396   0.663366   0.721212   0.726348   0.723771
      1397   0.891089   0.644389   0.884485   0.745585
      1398   0.831683   0.722842   0.823654   0.769962
      1399   0.712871   0.716045   0.668843    0.69164
      1400   0.854685   0.586663   0.592685   0.589659
      1401   0.861386   0.540973   0.666533   0.597225
      1402   0.386139   0.790433   0.636294   0.705037
      1403   0.881188   0.724852    0.84873   0.781915
      1404   0.861386   0.523142    0.65324   0.580997
      1405   0.792079   0.635184   0.326657   0.431438
      1406   0.772277    0.53096   0.544145   0.537472
      1407   0.831683   0.565242   0.499007   0.530063
      1408   0.841584     0.8357   0.473563   0.604549
      1409   0.851485   0.630363   0.477898   0.543643
      1410   0.871287   0.719457      0.636   0.675159
      1411   0.891089   0.758095    0.99005   0.858684
      1412    0.80198   0.582054   0.535404   0.557755
      1413   0.792079   0.662188   0.658146   0.660161
      1414   0.811881   0.910049   0.777778   0.838731
      1415   0.861386   0.702991   0.790232   0.744063
      1416   0.871287   0.527814   0.549125   0.538259
      1417   0.841584   0.607948   0.609585   0.608766
      1418   0.663366   0.506393   0.362955   0.422841
      1419   0.871287   0.778667   0.787062   0.782842
      1420   0.782178   0.732765   0.513294   0.603701
      1421   0.693069   0.364053   0.594347   0.451531
      1422   0.247525    0.79623   0.470183   0.591235
      1423   0.851485   0.907496   0.974315   0.939719
      1424   0.851485   0.907928   0.924479   0.916129
      1425   0.881188   0.740157   0.534851   0.620974
      1426    0.80198   0.737336   0.165963   0.270941
      1427   0.782178   0.502415   0.272251   0.353141
      1428   0.841584   0.834951   0.979236   0.901356
      1429   0.811881   0.726306   0.669388   0.696686
      1430   0.643564   0.562743   0.560834   0.561787
      1431   0.782178    0.86669   0.655698   0.746573
      1432   0.792079   0.966292   0.468665   0.631193
      1433   0.849985   0.796995   0.634478   0.706511
      1434   0.792079   0.596748   0.609772    0.60319
      1435   0.148515   0.677989   0.469038   0.554481
      1436   0.845085   0.744404   0.863312   0.799461
      1437   0.871287   0.371489   0.556257   0.445474
      1438   0.851485   0.361029   0.644357   0.462771
      1439   0.821782   0.745575   0.643539    0.69081
      1440   0.207921   0.827767   0.170818   0.283196
      1441   0.821782   0.746203   0.747398     0.7468
      1442   0.851485   0.775777   0.440111   0.561611
      1443   0.792079   0.649134   0.481905   0.553157
      1444   0.851485   0.442438     0.6125   0.513761
      1445   0.861386   0.451258   0.626182    0.52452
      1446   0.841584   0.436242    0.17792   0.252754
      1447   0.861386   0.591163   0.536967   0.562763
      1448    0.60396   0.921602   0.595376   0.723411
      1449   0.663366   0.444814   0.449597   0.447193
